[[-1.79964266e+01  5.13967736e-04  4.60059553e+01]
 [-1.79980154e+01  3.53485269e-03  4.60053336e+01]
 [-1.79970703e+01 -3.50373934e-03  4.60057033e+01]
 [-1.80004036e+01  1.25594974e-03  4.60043994e+01]
 [-1.79933087e+01  1.26977453e-03  4.60071748e+01]
 [-1.79989510e+01 -4.37626462e-04  4.60049675e+01]
 [-1.79982265e+01 -2.77505722e-03  4.60052509e+01]
 [-1.79965033e+01 -2.27756300e-03  4.60059252e+01]
 [-1.79944507e+01  5.48746186e-04  4.60067281e+01]
 [-1.79941390e+01  1.54783119e-03  4.60068499e+01]
 [-1.79962844e+01 -2.41048214e-03  4.60060106e+01]
 [-1.79944407e+01 -2.23082219e-03  4.60067320e+01]
 [-1.79932791e+01  1.20269950e-03  4.60071864e+01]
 [-1.79968891e+01  2.05700395e-03  4.60057741e+01]
 [-1.79962994e+01  4.31665030e-04  4.60060050e+01]
 [-1.79997882e+01  1.14371759e-03  4.60046401e+01]
 [-1.79992733e+01  9.40475327e-04  4.60048416e+01]
 [-1.79946818e+01  1.81660003e-03  4.60066375e+01]
 [-1.79965284e+01  7.67537732e-04  4.60059154e+01]
 [-1.79964361e+01  1.89903062e-03  4.60059515e+01]
 [-1.79969719e+01  2.90726320e-03  4.60057419e+01]
 [-1.79975644e+01  3.57019977e-03  4.60055101e+01]
 [-1.79984566e+01  3.13053208e-03  4.60051610e+01]
 [-1.79989349e+01  1.79967165e-03  4.60049738e+01]
 [-1.79990291e+01  8.51113685e-04  4.60049369e+01]
 [-1.79989247e+01 -9.60641569e-04  4.60049778e+01]
 [-1.79982801e+01 -2.87065162e-03  4.60052300e+01]
 [-1.79976577e+01 -3.46048764e-03  4.60054735e+01]
 [-1.79970623e+01 -3.21400052e-03  4.60057065e+01]
 [-1.79963623e+01 -3.45607883e-03  4.60059803e+01]
 [-1.79952174e+01 -3.02177529e-03  4.60064280e+01]
 [-1.79962735e+01 -2.70429449e-03  4.60060148e+01]
 [-1.79978023e+01 -2.66913468e-03  4.60054168e+01]
 [-1.79984403e+01 -3.24131345e-03  4.60051673e+01]
 [-1.79980038e+01 -3.47735605e-03  4.60053381e+01]
 [-1.79970526e+01 -3.76145437e-03  4.60057102e+01]
 [-1.79931121e+01  8.22648497e-04  4.60072517e+01]
 [-1.79931136e+01  9.92098053e-04  4.60072511e+01]
 [-1.79931191e+01  1.01542173e-03  4.60072489e+01]
 [-1.79961223e+01  7.60357866e-04  4.60060743e+01]
 [-1.79975408e+01  8.68075578e-04  4.60055194e+01]
 [-1.79949711e+01  4.89240093e-04  4.60065246e+01]
 [-1.79931664e+01  1.19122607e-03  4.60072304e+01]
 [-1.79939262e+01  1.55779593e-03  4.60069331e+01]
 [-1.79954747e+01  1.83879113e-03  4.60063273e+01]
 [-1.79966409e+01  1.95806652e-03  4.60058711e+01]
 [-1.79985384e+01  1.72526611e-03  4.60051289e+01]
 [-1.79996667e+01  1.60611269e-03  4.60046876e+01]
 [-1.79999444e+01  1.23430736e-03  4.60045790e+01]
 [-1.79990122e+01  3.65696469e-04  4.60049438e+01]
 [-1.79977517e+01  4.26134587e-04  4.60054369e+01]
 [-1.79964449e+01  3.72564620e-04  4.60059481e+01]
 [-1.79944257e+01  7.23805099e-04  4.60067379e+01]
 [-1.79936336e+01  8.25741584e-04  4.60070477e+01]
 [-1.79932993e+01  1.19767424e-03  4.60071784e+01]
 [-1.79974138e+01  2.75886547e-03  4.60055690e+01]
 [-1.79985579e+01  3.19158918e-03  4.60051214e+01]
 [-1.79989686e+01  2.28603525e-03  4.60049606e+01]
 [-1.79982509e+01  9.61719773e-04  4.60052413e+01]
 [-1.79968716e+01 -6.99136565e-04  4.60057809e+01]
 [-1.79950934e+01 -2.48366141e-03  4.60064765e+01]
 [-1.79940566e+01 -2.48054864e-03  4.60068822e+01]
 [-1.79947635e+01 -1.52984811e-03  4.60066058e+01]
 [-1.79957517e+01  5.03726986e-05  4.60062192e+01]
 [-1.79977561e+01 -1.93871444e-03  4.60054351e+01]
 [-1.79997454e+01 -1.58213977e-03  4.60046568e+01]
 [-1.79994414e+01  1.81332520e-04  4.60047756e+01]
 [-1.79968125e+01  3.48119070e-03  4.60058041e+01]
 [-1.79954162e+01  3.04651343e-03  4.60063504e+01]
 [-1.79952752e+01  1.86919552e-03  4.60064056e+01]
 [-1.79958174e+01  8.56571853e-04  4.60061935e+01]
 [-1.79974519e+01 -1.33344521e-03  4.60055542e+01]
 [-1.79987548e+01 -1.91083717e-03  4.60050444e+01]
 [-1.79962031e+01  3.26528643e-03  4.60060426e+01]]