-0.00279253  0.02181662  0.07644542
 0.05113815 -0.02199115  0.03473205
 0.01675516  0.01727876  0.02722714
 0.01291544  0.01780236  0.00907571
-0.00261799  0.00715585  0.0275762 
 0.01937315  0.0010472  -0.00680678
 0.01099557  0.01518436  0.04852015
 0.04031711  0.02827433  0.11362093
 0.05009095  0.03385939  0.07749262
 0.01099557 -0.0127409   0.06963864
 0.08988446  0.00593412  0.17680185
 0.07644542 -0.00680678  0.37751472
 0.9843657   0.0408407   0.04590216
 0.10681415  0.00698132  0.10471976
 0.12130038  0.00191986  0.19512781
 0.02460914 -0.00715585  0.09599311
 0.03316126  0.02460914  0.09197885
 0.03630285  0.03874631  0.03455752
 0.05951573  0.0020944   0.01797689
 0.31747539  0.00645772  0.00837758
 0.2581342  -0.00314159 -0.00314159
 0.26843164  0.02042035 -0.09197885
 0.20280726  0.02635447 -0.01169371
 0.46251225  0.05078908 -0.09215338
 0.15132005  0.05742133 -0.00959931
 0.45954519 -0.03228859  0.00261799
 0.31241394  0.026529   -0.00959931
 0.42812927 -0.00698132  0.05113815
 0.54244833  0.02513274  0.04886922
 0.47280969 -0.0296706  -0.08098328
 0.47158796  0.02338741  0.02268928
 0.3858923   0.00471239  0.02216568
 0.37297686 -0.00366519  0.01884956
 0.48101274 -0.02303835 -0.16057029
 0.37472219  0.02042035 -0.24452063
 0.43580871 -0.04642576 -0.47211156
 0.41852995 -0.04537856 -0.68608893
