-38.55199483  32.5597802  105.94784817
  -36.81108597  62.97997738  43.1219457 
  -35.04363354 -32.52624224  79.60900621
  -72.19056122  30.29196429  39.35165816
   23.07513089  35.51439791  79.61465969
  -37.44841772  -2.02816456  14.81740506
  -38.07331288 -29.6809816   45.44079755
  -37.07756917  -8.43290514 103.26225296
   -9.46026059  32.60912052 109.85325733
   24.61956522  31.46146245  42.48142292
   -4.03636364 -28.48495298  38.21520376
   -3.89844828  -9.57491379 102.81698276
   22.70077821  34.35175097  81.00116732
   -4.77014388  33.41223022  14.02482014
  -38.33181818  31.72272727 105.94265734
  -69.31979472  30.41832845  54.28504399
  -69.55866667  33.22466667  73.686     
   21.89408867  33.37573892  34.97586207
  -40.38497409  37.65466321 103.5357513 
  -35.32178218  50.78663366  96.61930693
  -36.13333333  61.91306306  78.83288288
  -35.5929368   66.57992565  57.02509294
  -36.95564516  53.80596774  27.11903226
  -36.79315068  29.53972603  11.81609589
  -37.46332117  14.98248175  12.16040146
  -37.5619186  -10.14244186  17.96511628
  -37.34331984 -31.41923077  40.74473684
  -37.02420814 -35.35723982  64.46606335
  -38.57201087 -27.13206522  86.73342391
  -12.46896552 -31.60331565  81.72771883
    3.77521552 -32.01400862  58.66551724
   -4.5498     -31.0272      39.7014    
  -30.038      -32.512       37.1724    
  -45.45406977 -33.90290698  55.23197674
  -44.71538462 -34.27307692  68.30641026
  -36.12798165 -35.4646789   83.65      
   24.08868613  29.87189781  83.87372263
   25.39429134  30.31417323  81.06437008
   24.97758621  31.2044335   81.1182266 
  -34.2622291   36.5373065  107.23513932
  -52.6956      36.0474      97.554     
  -16.47335526  32.47993421 111.06217105
   25.30132979  33.42526596  78.9287234 
   26.97010309  32.24896907  47.90876289
   13.10473684  31.47684211  24.33157895
   -1.69431818  31.55795455  15.19261364
  -29.4546875   28.8109375   10.00104167
  -52.07072072  30.55720721  21.37657658
  -66.45416667  29.7827381   42.15297619
  -67.20316456  26.20063291  78.41265823
  -55.01713147  30.1189243   95.08027888
  -39.06695279  30.7332618  105.47575107
   -6.97070064  34.88742038 105.33821656
    9.96722222  32.96055556  96.76111111
   22.41519435  34.02031802  80.16360424
  -42.275       59.56111111  76.65555556
  -45.5172      58.3872      43.293     
  -37.95863309  38.23273381  16.03381295
  -23.14036364  16.29163636   7.82072727
   -4.95801527  -6.37958015  15.68301527
   10.00686275 -26.45098039  49.14411765
    9.07350598 -17.97430279  87.06394422
  -13.64347826   2.79968944 112.04720497
  -29.0775      26.13083333 110.09583333
  -53.65135135  -5.53108108  93.44054054
  -60.5715415  -11.69525692  38.45988142
  -44.43598131   8.02523364  14.27803738
  -12.26608696  58.39434783  31.12956522
  -10.73501805  62.71895307  80.68375451
  -17.84948805  49.72320819  99.57235495
  -29.53611111  37.40347222 106.77222222
  -51.60559701   4.65615672 100.6511194 
  -62.73263598  -7.82761506  80.17343096
  -22.40591398  65.93655914  75.46182796