[[[  2.34190299  10.10070896  32.67261194]
  [  2.8276       7.77104     33.54384   ]
  [  1.31151603 -42.80772595  19.59052478]
  [  1.0037234   21.67765957 -21.42180851]
  [-46.41923077   8.07288462  13.13711538]
  [ 18.91734694   9.81938776 -14.05408163]
  [  9.94435798 -22.5688716  -35.59494163]
  [  0.78131443  29.26662371  -2.74793814]
  [-22.19105114  27.3890625   20.89005682]
  [-49.25688202 -21.10997191  19.3369382 ]
  [ 20.09946809 -12.4787234   25.77659574]
  [ -8.32571885  28.785623   -15.79744409]
  [-50.36080871  -0.56360809 -14.96127527]
  [ 23.19898785 -12.8854251  -14.59979757]
  [ 25.59125    -10.859375    11.968125  ]
  [ 21.52818533 -26.88301158  10.13223938]
  [ -1.25350318 -39.89140127  25.54872611]
  [  3.15696721 -44.44877049  14.54754098]
  [-15.23745174 -50.37972973   6.19169884]
  [-30.76234756  14.12606707 -29.52301829]
  [ -7.33756477  25.04145078 -22.93989637]
  [ 17.92534247   3.17260274 -23.14041096]
  [-23.00208333  10.76916667  36.46416667]
  [  1.9125       8.48970588  36.14558824]
  [  1.07425743   8.93712871  35.53514851]
  [  2.0109375   20.53769531  24.71074219]
  [  1.76576402  26.69303675  10.52901354]
  [  0.75238095  29.1468254   -5.65079365]
  [ -0.546875    24.9890625  -18.65      ]
  [  2.064        6.17228571 -35.60314286]
  [  1.26071429 -45.36190476 -15.83214286]
  [  1.01834171 -49.00251256  -2.39321608]
  [  0.45596026 -45.82450331  13.4781457 ]
  [  1.1137931  -39.10775862  25.72068966]
  [ -0.39970588 -23.81823529  37.31911765]
  [ -0.73824885  -7.96589862  38.65092166]
  [ -0.86944444   3.53333333  40.54027778]
  [  0.62304582  10.00269542  37.08719677]
  [ -9.91285714   8.21678571  37.93714286]
  [ 15.14819277   8.88975904  22.72861446]
  [ 22.42291667   8.328125     6.44479167]
  [ 20.8198324    7.10614525 -12.04064246]
  [ 15.04920635   5.53571429 -26.43492063]
  [  8.32064516   4.99935484 -32.94967742]
  [  0.30993976   2.9060241  -40.2560241 ]
  [-10.71740506   3.52974684 -41.69335443]
  [-29.1804878    7.50609756 -33.57195122]
  [-44.80763359   6.69503817 -20.02557252]
  [-51.52561983   8.03181818  -2.0553719 ]
  [-47.82873134  11.26791045  14.09664179]
  [-39.98389831  14.19152542  29.91737288]
  [-20.96796117  14.00242718  39.82281553]
  [ -1.26494845  12.18762887  37.28273196]
  [-18.99662876  11.61994314  35.40792039]
  [-36.25844595  -4.53344595  34.34290541]
  [  6.46054688 -16.18242188  36.26132812]
  [ -0.86734694 -27.41326531  35.14183673]
  [-15.008      -31.7095      35.1       ]
  [-27.38490566 -31.85377358 -31.88066038]
  [-22.94244604   5.0881295  -36.33021583]
  [-12.14887218 -32.84097744 -36.04849624]
  [ 25.44642857 -25.13678571  -1.60714286]
  [ -3.0039823   11.14646018  38.27654867]
  [-31.51730769  15.04038462  37.65865385]]]