-38.39851485 32.67326733 105.7960396
-36.75594059 62.99405941 42.92524752
-35.03019802 -32.56039604 79.79554455
-72.14851485 30.34306931 39.46188119
23.11039604 34.73613861 78.71287129
-37.3529703 -1.73019802 15.36683168
-38.15940594 -29.45049505 45.16336634
-37.23861386 -9.06683168 103.42425743
-8.52178218 32.51435644 109.27277228
25.46732673 30.89405941 43.89207921
-3.72475248 -27.58514851 37.00247525
-4.18514851 -10.10049505 102.91188119
22.4450495 34.36188119 81.3029703
-5.0539604 33.15445545 13.95
-36.69207921 31.5549505 106.58762376
-68.77574257 31.75247525 53.82326733
-69.58217822 33.32970297 73.9960396
21.38168317 32.72079208 33.50792079
-39.61039604 36.20643564 104.62277228
-35.26039604 50.97475248 97.06039604
-36.17524752 61.85049505 79.12425743
-35.67029703 66.49158416 56.4029703
-36.40247525 53.43564356 26.99257426
-36.76633663 30.53316832 12.3029703
-37.48217822 16.41683168 11.55445545
-37.57871287 -8.98514851 17.34207921
-37.36930693 -31.69455446 41.61980198
-37.14653465 -35.43564356 63.70841584
-38.67772277 -26.2990099 87.86138614
-27.41435644 -30.41732673 87.85247525
3.76930693 -32.08663366 58.68861386
-4.78366337 -31.18217822 40.03960396
-26.48465347 -30.93267327 34.1480198
-45.53168317 -33.87920792 54.44405941
-44.72970297 -34.27871287 68.32128713
-36.2539604 -35.48910891 83.4029703
23.64653465 29.51584158 84.92821782
26.16980198 30.58217822 79.1049505
25.31584158 31.34405941 80.78019802
-34.28465347 36.41138614 107.15792079
-52.54158416 36.70544554 97.4509901
-17.64950495 32.51435644 111.20049505
25.32326733 33.51534653 78.91188119
27.05346535 31.85940594 47.87673267
12.90445545 31.38861386 24.29108911
-1.68118812 31.84306931 15.33415842
-29.20990099 28.46732673 9.62673267
-52.61138614 30.58514851 21.80049505
-66.38762376 30.52128713 42.92079208
-67.21336634 25.76732673 78.55990099
-54.79158416 29.85148515 95.4549505
-38.59158416 30.58217822 105.72475248
-6.62673267 34.21633663 105.77376238
9.92821782 32.92574257 96.92821782
22.86831683 33.8970297 79.65594059
-42.20643564 59.49059406 77.05247525
-45.36980198 58.42128713 43.22970297
-39.78415842 38.97178218 17.2960396
-23.57673267 16.59059406 8.08217822