[[[ 2.11719218e+01 -2.32783887e+01  7.81097187e+01]
  [ 2.11064597e+01 -2.06187081e+01  7.67494128e+01]
  [-3.08772727e+01 -1.91252525e+01  5.19888889e+01]
  [ 2.21788462e+01 -8.87336538e+01  5.34778846e+01]
  [ 2.18917742e+01 -1.04414516e+01 -2.05451613e+00]
  [ 5.79945087e+01 -3.47343931e+01  5.30979769e+01]
  [ 2.91992000e+01 -5.90656000e+01 -5.74120000e+00]
  [ 1.82802920e+01  5.72627737e+00  3.44255474e+01]
  [ 2.35516026e+01  3.53846154e+00  4.55477564e+01]
  [ 1.11713793e+01 -8.72700000e+01  5.83758621e+01]
  [ 5.52653670e+01 -5.66133028e+01  5.00146789e+01]
  [ 2.73450000e+01 -6.80487805e-02  1.78313415e+01]
  [ 1.48084416e+01  6.06331169e+00  2.76444805e+01]
  [-4.13682451e+01 -6.30392758e+01  8.12703343e+01]
  [-2.91251497e+01 -6.51754491e+01  5.84658683e+01]
  [ 8.30100000e+00  5.51550000e+00  5.65110000e+01]
  [ 6.14221416e+01 -2.94797641e+01  5.22808530e+01]
  [ 3.42329508e+01 -1.35885246e+00  4.47103279e+01]
  [ 4.97661616e+01 -7.09666667e+01  3.94065657e+01]
  [ 2.00371429e+01 -6.59000000e+01 -9.29035714e+00]
  [ 2.68485623e+01 -1.44325879e+01  6.97250799e+01]
  [ 2.69383382e+01 -4.33381924e+00  5.74819242e+01]
  [ 2.69876471e+01  1.46823529e+00  4.20926471e+01]
  [ 2.65045620e+01  1.46770073e+00  2.60797445e+01]
  [ 2.67741818e+01 -3.72654545e+00  1.06423636e+01]
  [ 2.54276596e+01 -2.80207447e+01 -8.74893617e+00]
  [ 2.49758190e+01 -4.52852574e+01 -9.95756630e+00]
  [ 2.52158986e+01 -6.20626728e+01 -5.91912442e+00]
  [ 2.54583815e+01 -7.99014451e+01  8.63150289e+00]
  [ 2.63457014e+01 -8.71717195e+01  2.66423077e+01]
  [ 2.55094660e+01 -8.68230583e+01  4.46497573e+01]
  [ 2.56982315e+01 -8.25371383e+01  5.56553055e+01]
  [ 2.44774319e+01 -6.68387160e+01  7.20770428e+01]
  [ 2.59181159e+01 -5.40557971e+01  7.78789855e+01]
  [ 2.61558442e+01 -3.43233766e+01  7.79720779e+01]
  [ 2.56954976e+01 -2.28597156e+01  7.47465640e+01]
  [ 4.95305310e+01 -3.14986726e+01  6.04513274e+01]
  [ 5.22766187e+01 -2.09169065e+01  4.63440647e+01]
  [ 5.29686047e+01 -2.23410853e+01  2.35670543e+01]
  [ 5.22761811e+01 -3.79842520e+01  1.16447835e+01]
  [ 5.19530581e+01 -6.23258410e+01  2.48951070e+01]
  [ 5.13844371e+01 -5.82506623e+01  5.39056291e+01]
  [ 5.16495680e+01 -2.75248380e+01  5.12551296e+01]
  [ 5.33298980e+01 -2.32386735e+01  2.14288776e+01]
  [ 5.32038462e+01 -3.67111888e+01  1.12594406e+01]
  [ 5.43236095e+01 -5.03110651e+01  1.45775148e+01]
  [ 7.19495091e+00 -2.09825386e+01  7.49385694e+01]
  [-3.04708029e+00 -2.72247263e+01  7.51048358e+01]
  [-8.04385321e+00 -3.54305505e+01  7.59498165e+01]
  [-9.96958763e+00 -4.41533505e+01  7.62920103e+01]
  [-6.34515306e+00 -5.60448980e+01  7.55946429e+01]
  [ 3.84684466e+00 -6.49237864e+01  7.48747573e+01]
  [ 2.23702778e+01 -6.35841667e+01  7.34133333e+01]
  [ 3.13744019e+01 -5.59162679e+01  7.49224880e+01]
  [ 3.48551546e+01 -4.53824742e+01  7.58030928e+01]
  [ 3.32319231e+01 -3.51276923e+01  7.72188462e+01]
  [ 3.55572816e+01 -4.52985437e+01 -4.74757282e+00]
  [ 3.57919355e+01 -2.01861290e+01  2.26258065e+00]
  [ 3.81761719e+01 -4.76203125e+01 -2.31445312e+00]
  [-4.72745098e+00 -2.66313725e+01 -1.83333333e+00]
  [ 2.28675743e+01 -7.26096535e+01 -8.40594059e-01]
  [ 4.12535377e+01 -1.15082547e+01  1.23757075e+01]
  [ 5.12308383e+01 -2.97691617e+01  5.68041916e+01]
  [ 5.72722467e+01 -5.23585903e+01  1.97061674e+01]
  [ 3.53334375e+01 -5.92546875e+01 -2.16000000e+00]
  [ 3.40836735e+01 -5.35622449e+01  7.54755102e+01]
  [ 5.99802817e+01 -4.25880282e+01  5.12112676e+01]
  [ 3.54627119e+01 -4.94741525e+01 -3.18813559e+00]
  [ 4.09664179e+01 -2.58216418e+01 -4.42462687e+00]]]