 2.21648009e+01 -5.49927400e+00  8.50847541e+01
   1.87532086e+01 -3.73315508e+00  8.36061497e+01
   1.83583784e+01  1.06589189e+01  3.38781081e+01
   1.88570755e+01 -5.05693396e+01  7.45226415e+01
   3.94835821e+01 -3.26149254e+00  4.27929851e+01
  -2.35955272e+01 -6.87268371e+00  6.18968051e+01
   2.29192953e+01 -2.78697987e+01  2.01156040e+01
  -2.50161765e+01 -8.66617647e+00  6.79808824e+01
  -2.24066600e+01 -3.11376740e+01  7.46421471e+01
   2.31161215e+01 -5.04883178e+01  7.33734813e+01
   3.51726562e+01 -2.96101562e+01  7.68960938e+01
   1.70037634e+01  1.13500000e+01  3.42698925e+01
  -4.64254658e+00  1.54118012e+01  4.73459627e+01
  -2.27896040e+00 -4.85383663e+01  7.84047030e+01
  -7.45027174e+00 -5.27673913e+01  6.43426630e+01
   4.12232394e+01 -2.46464789e+01  6.60943662e+01
   1.90565693e+01  1.21390511e+01  6.47058394e+01
   4.02701439e+01 -3.75744604e+01  4.94223022e+01
   3.71850000e+01  8.30294118e-01  4.29229412e+01
   2.18702055e+01 -6.47465753e+00  8.53191781e+01
   2.19480000e+01  5.96250000e-01  8.06032500e+01
   2.09924051e+01  1.37259494e+01  6.30721519e+01
   2.10597015e+01  1.55761194e+01  5.35201493e+01
   2.18762887e+01  1.20159794e+01  3.87958763e+01
   2.28555882e+01  5.97352941e-01  2.69770588e+01
   2.37844142e+01 -1.93421548e+01  2.24206067e+01
   2.42166667e+01 -3.27210526e+01  2.35587719e+01
   2.22000000e+01 -4.38287500e+01  2.76975000e+01
   2.26332487e+01 -5.13723350e+01  3.74101523e+01
   2.21132701e+01 -5.57481043e+01  5.10462085e+01
   2.21490950e+01 -5.49135747e+01  6.24481900e+01
   2.18358173e+01 -4.99254808e+01  7.35483173e+01
   2.30143777e+01 -3.84798283e+01  8.36072961e+01
   2.17397548e+01 -2.19362522e+01  8.66343257e+01
   2.24568182e+01 -8.86136364e+00  8.59340909e+01
   2.87063063e+01 -7.35315315e+00  8.37288288e+01
   4.21711656e+01 -7.76226994e+00  6.64702454e+01
   4.27033333e+01 -7.54800000e+00  5.19186667e+01
   4.02623494e+01 -8.24638554e+00  4.15454819e+01
   1.59803150e+00 -7.91811024e+00  1.84960630e+01
  -4.99078341e+00 -6.42718894e+00  2.07165899e+01
  -2.14028090e+01 -4.87921348e+00  3.51488764e+01
  -2.72110169e+01 -4.57754237e+00  5.86983051e+01
  -2.08378125e+01 -3.03375000e+00  7.44975000e+01
  -6.25534351e+00 -3.86106870e+00  8.80316794e+01
   7.75977654e+00 -6.12486034e+00  9.10139665e+01
   2.16640777e+01 -4.68640777e+00  8.78330097e+01
   1.32898585e+01 -1.42528302e+00  8.69259906e+01
  -9.81780523e+00 -8.90363372e+00  8.53138081e+01
  -1.11032220e+01 -2.52476134e+01  8.78566826e+01
   2.83316667e+01 -2.03600000e+01  8.82350000e+01
   1.63048975e+01 -3.70402620e+01  8.58355353e+01
  -7.41057692e+00 -2.95160027e+01  8.65826580e+01
  -5.29834123e+00 -3.36184834e+00  8.67298578e+01
  -1.20400862e+01 -4.26025862e+01  7.93331897e+01
   1.13422414e+01  2.18732759e+01  3.63034483e+01
   4.30187919e+01 -1.86281879e+01  2.75426174e+01
   3.74420455e+01 -5.29500000e+01  5.95840909e+01
  -4.28506098e+00 -6.22463415e+01  6.99969512e+01
  -2.87411538e+01 -3.49638462e+01  7.77726923e+01
  -3.53009804e+01 -2.39500000e+01  4.41058824e+01
   4.44782609e+00 -5.89082609e+01  2.88156522e+01
   2.39295652e+01 -6.00717391e+01  3.83986957e+01
   2.64885714e+01 -1.91442857e+01  9.50428571e+01
   4.95441964e+01 -6.35357143e+00  5.50580357e+01
   1.65925234e+01 -1.72471963e+01  9.80523364e+01
  -6.99248120e-02 -5.89026316e+01  7.77744361e+01
   3.44412587e+01  5.12832168e+00  7.93426573e+01
   5.24371362e+00 -2.62381257e+01  9.87380675e+01
  -6.05020921e-01 -2.20594142e+01  9.85016736e+01